0 11 91 136 32 32 0 0 0 0
1 11 123 136 32 32 0 0 0 0
2 11 155 136 32 32 0 0 0 0
3 11 187 136 32 32 0 0 0 0
4 11 219 136 32 32 0 0 0 0
5 11 251 136 32 32 0 0 0 0
6 11 283 136 32 32 0 0 0 0
7 11 315 136 32 32 0 0 0 0
8 11 347 136 32 32 0 0 0 0
9 11 379 136 32 32 0 0 0 0
10 11 395 136 32 32 0 0 0 0
11 15 630 122 32 32 0 0 0 0
12 15 598 151 32 32 0 0 0 0
13 15 566 180 32 32 0 0 0 0
14 15 534 209 32 32 0 0 0 0
15 15 521 209 32 32 0 0 0 0
16 14 1051 347 32 64 0 0 0 0
17 14 1083 347 32 64 0 0 0 0
18 14 1115 347 32 64 0 0 0 0
19 14 1147 347 32 64 0 0 0 0
20 14 1179 347 32 64 0 0 0 0
21 14 1211 347 32 64 0 0 0 0
22 14 1217 347 32 64 0 0 0 0
23 3 1392 355 144 151 1336 296 1480 447
24 6 1726 520 174 81 1829 496 1655 577
