13	0	1053	1053	1053
14	1053	1053	1053	1053
113	0	526	526	526
114	526	526	526	526
1113	0	263	263	263
1114	263	263	263	263
1111	0	0	263	263	0	1	2	3	4	5
1112	263	0	263	263	5	6	7	8	9	10	15
111	0	0	526	526
1123	526	263	263	263
1124	789	263	263	263	16
1121	526	0	263	263	11	12	13	14	15
1122	789	0	263	263
112	526	0	526	526
11	0	0	1053	1053
123	1053	526	526	526
1243	1579	789	263	263
1244	1842	789	263	263
1241	1579	526	263	263	24
1242	1842	526	263	263	24
124	1579	526	526	526
1213	1053	263	263	263	16	17	18	19	20	21	22
1214	1316	263	263	263	23
1211	1053	0	263	263
1212	1316	0	263	263
121	1053	0	526	526
1223	1579	263	263	263	24
1224	1842	263	263	263	24
1221	1579	0	263	263
1222	1842	0	263	263
122	1579	0	526	526
12	1053	0	1053	1053
1	0	0	2106	2106
